version https://git-lfs.github.com/spec/v1
oid sha256:04a08398e7753d23db9c3993f1961430fd2dded3f7bc31cc33fb2af1cbaf93c6
size 40591802
